93.4679  222.083
92.188  224.06
90.9256  187.673
89.6804  181.126
88.4524  134.575
87.2411  172.943
86.0464  185.437
84.8681  196.093
83.7059  179.505
82.5596  236.075
81.4291  201.379
80.314  174.094
79.2142  172.184
78.1294  162.721
77.0595  161.331
76.0042  210.953
74.9634  171.347
73.9369  153.453
72.9244  209.847
71.9258  192.134
70.9408  242.912
69.9694  241.268
69.0112  193.633
68.0662  179.603
67.1341  186.676
66.2147  175.77
65.308  185.882
64.4137  209.408
63.5316  172.729
62.6616  173.526
61.8035  122.262
60.9572  137.219
60.1224  188.284
59.2991  158.65
58.4871  165.545
57.6861  166.539
56.8962  205.397
56.117  126.307
55.3486  210.102
54.5906  202.815
53.8431  145.656
53.1057  186.51
52.3785  150.424
51.6612  196.157
50.9538  180.792
50.256  166.035
49.5678  188.646
48.8891  252.087
48.2196  138.958
47.5592  167.718
46.908  206.594
46.2656  191.383
45.6321  226.779
45.0072  221.112
44.3908  217.471
43.783  224.981
43.1834  221.731
42.592  167.261
42.0088  153.363
41.4335  139.963
40.8661  239.781
40.3065  140.318
39.7545  159.766
39.2101  135.455
38.6732  119.171
38.1436  141.106
37.6213  152.37
37.1061  174.287
36.598  213.853
36.0968  214.797
35.6025  150.205
35.1149  127.723
34.6341  177.607
34.1598  124.277
33.692  225.043
33.2306  157.743
32.7756  200.529
32.3267  214.153
31.8841  152.764
31.4474  270.959
31.0168  165.083
30.5921  193.139
30.1731  100.159
29.7599  165.166
29.3524  131.656
28.9505  153.914
28.554  202.846
28.163  172.881
27.7773  121.055
27.3969  173.101
27.0218  169.758
26.6517  136.804
26.2868  170.343
25.9268  153.737
25.5718  144.621
25.2216  221.837
24.8762  157.443
24.5355  95.6568
24.1995  146.663
23.8682  151.66
23.5413  133.622
23.2189  158.78
22.901  164.464
22.5874  177.843
22.2781  142.097
21.973  154.951
21.6721  143
21.3753  136.158
21.0826  178.367
20.7939  151.758
20.5091  141.546
20.2283  143.951
19.9513  136.29
19.6781  118.284
19.4086  112.614
19.1428  183.43
18.8807  121.402
18.6221  123.323
18.3671  169.431
18.1156  172.024
17.8675  123.402
17.6228  148.852
17.3815  170.497
17.1435  179.47
16.9087  140.231
16.6772  126.366
16.4488  148.301
16.2236  146.457
16.0014  173.533
15.7823  108.332
15.5661  118.988
15.353  166.569
15.1427  156.493
14.9354  160.901
14.7308  108.337
14.5291  145.096
14.3302  159.445
14.1339  183.017
13.9404  116.523
13.7495  149.441
13.5612  115.456
13.3755  113.424
13.1923  123.449
13.0117  118.247
12.8335  155.718
12.6577  125.482
12.4844  137.563
12.3134  107.473
12.1448  86.4697
11.9785  140.564
11.8145  125.152
11.6527  114.879
11.4931  119.843
11.3357  84.667
11.1805  150.626
11.0274  123.651
10.8764  130.874
10.7274  88.5331
10.5805  114.594
10.4357  106.427
10.2927  94.6624
10.1518  140.206
10.0128  130.363
9.87567  95.5864
9.74043  112.454
9.60704  101.299
9.47548  171.386
9.34573  116.958
9.21775  160.444
9.09152  104.594
8.96702  126.892
8.84423  104.123
8.72311  126.415
8.60366  120.319
8.48584  109.03
8.36964  101.358
8.25502  94.9841
8.14198  142.263
8.03048  144.532
7.92051  89.7376
7.81205  97.8491
7.70507  92.5557
7.59956  90.1273
7.49549  99.9952
7.39285  116.767
7.29161  81.5234
7.19176  113.877
7.09327  145.873
6.99614  110.517
6.90033  97.8666
6.80584  104.441
6.71264  94.3429
6.62072  94.874
6.53006  122.837
6.44063  112.771
6.35243  92.9002
6.26544  96.0439
6.17965  89.4817
6.09502  89.3521
6.01156  103.976
5.92923  102.487
5.84804  101.786
5.76796  86.9206
5.68897  89.3731
5.61107  89.0787
5.53423  100.832
5.45844  102.497
5.38369  84.2908
5.30997  87.8213
5.23726  94.1223
5.16554  121.573
5.0948  93.452
5.02503  120.203
4.95622  76.1043
4.88835  94.778
4.82141  92.0708
4.75538  79.4357
4.69026  121.086
4.62603  93.5755
4.56269  108.281
4.5002  90.0737
4.43858  96.3456
4.3778  98.5416
4.31785  84.5549
4.25872  78.2373
4.2004  70.8181
4.14288  87.9606
4.08615  79.4741
4.03019  94.1431
3.975  112.43
3.92057  92.9224
3.86688  85.3618
3.81393  70.6911
3.7617  80.4662
3.71019  66.7282
3.65938  57.3322
3.60927  76.266
3.55984  83.3457
3.51109  82.5489
3.46301  77.5693
3.41559  80.9722
3.36882  82.1547
3.32268  83.7465
3.27718  75.8753
3.23231  65.8318
3.18804  67.0341
3.14439  75.054
3.10133  70.4214
3.05886  66.6544
3.01697  61.2429
2.97565  78.5712
2.93491  87.3153
2.89472  64.0476
2.85508  81.0564
2.81598  69.9573
2.77742  77.0113
2.73938  71.6101
2.70187  72.8053
2.66487  89.1372
2.62838  83.5335
2.59238  59.6995
2.55688  73.9868
2.52187  75.0522
2.48734  61.2438
2.45327  71.4668
2.41968  65.157
2.38654  63.8263
2.35386  57.7258
2.32163  56.5328
2.28984  57.0611
2.25848  54.0205
2.22755  63.4172
2.19705  61.0923
2.16696  64.9385
2.13729  81.2933
2.10802  42.9703
2.07915  50.5461
2.05068  62.5044
2.0226  57.1464
1.9949  60.5032
1.96758  44.498
1.94064  58.5468
1.91406  58.6877
1.88785  62.7164
1.862  48.5028
1.8365  56.3613
1.81135  60.8486
1.78655  54.6314
1.76208  47.8266
1.73795  58.2752
1.71415  50.4752
1.69068  49.9972
1.66753  53.1317
1.64469  53.9838
1.62217  50.7047
1.59996  56.3618
1.57805  48.7115
1.55644  53.1175
1.53512  55.67
1.5141  54.3011
1.49337  51.7839
1.47292  58.035
1.45275  60.2705
1.43285  60.3635
1.41323  52.7881
1.39388  57.1518
1.37479  52.4367
1.35596  44.7596
1.3374  45.2995
1.31908  41.989
1.30102  34.8657
1.2832  41.0851
1.26563  47.6351
1.2483  42.4233
1.2312  40.1438
1.21434  46.1562
1.19772  41.0181
1.18131  52.8094
1.16514  40.9697
1.14918  36.6491
1.13344  41.7528
1.11792  39.2329
1.10261  38.8527
1.08752  45.8677
1.07262  35.5963
1.05793  34.0296
1.04345  38.5285
1.02916  41.1763
1.01506  38.7813
1.00116  38.7799
0.987454  43.651
0.973932  41.9082
0.960595  46.8412
0.947441  40.5437
0.934467  40.5901
0.92167  37.1802
0.909049  42.0219
0.8966  47.7201
0.884322  42.1628
0.872212  38.7757
0.860268  36.1189
0.848488  35.5335
0.836869  37.8232
0.825408  32.1828
0.814105  35.6021
0.802957  32.0904
0.791961  29.7908
0.781116  29.035
0.77042  31.9232
0.759869  31.5687
0.749464  34.1361
0.739201  32.5651
0.729078  33.2372
0.719094  37.8708
0.709247  34.1685
0.699534  36.6662
0.689955  38.0672
0.680507  40.2997
0.671188  31.5469
0.661997  33.7946
0.652931  31.9923
0.64399  30.972
0.635171  33.0248
0.626473  29.6189
0.617894  31.1883
0.609433  29.7426
0.601087  27.8849
0.592856  29.3218
0.584738  28.6811
0.57673  26.8525
0.568832  28.541
0.561043  28.4843
0.55336  27.5342
0.545782  26.0638
0.538308  25.447
0.530937  23.8709
0.523666  25.3813
0.516495  29.254
0.509422  28.2864
0.502446  27.4958
0.495566  29.8445
0.488779  28.5533
0.482086  26.7768
0.475484  26.6367
0.468973  27.4613
0.462551  29.6483
0.456217  27.0264
0.449969  24.4646
0.443807  26.3614
0.43773  24.7619
0.431736  23.639
0.425823  22.7232
0.419992  24.7756
0.414241  24.5741
0.408568  25.3091
0.402973  24.8525
0.397455  23.9068
0.392012  22.6686
0.386644  24.1867
0.381349  22.9841
0.376127  22.4678
0.370976  21.9128
0.365896  22.2787
0.360886  21.7927
0.355944  24.6967
0.35107  26.9572
0.346262  26.5527
0.34152  25.1871
0.336843  25.2185
0.332231  25.5632
0.327681  24.8494
0.323194  25.0487
0.318768  24.1369
0.314403  25.0672
0.310097  25.4401
0.305851  25.8448
0.301663  25.3658
0.297532  26.5253
0.293457  25.5498
0.289439  25.3826
0.285475  25.0371
0.281566  24.0677
0.27771  23.4862
0.273907  24.5173
0.270156  22.2262
0.266457  22.7228
0.262808  23.5984
0.259209  22.5082
0.255659  22.5797
0.252158  22.4333
0.248705  23.398
0.2453  22.5879
0.24194  20.861
0.238627  22.9084
0.23536  22.5922
0.232137  21.977
0.228958  22.7617
0.225822  22.467
0.22273  22.3711
0.21968  22.8407
0.216672  22.1235
0.213704  22.2448
0.210778  22.23
0.207892  21.4886
0.205045  24.134
0.202237  23.2385
0.199467  23.622
0.196736  21.7597
0.194042  21.727
0.191385  21.7704
0.188764  21.8269
0.186179  21.6578
0.183629  21.8964
0.181115  20.3551
0.178635  20.4603
0.176188  21.3699
0.173776  21.436
0.171396  21.7291
0.169049  20.9937
0.166734  21.1491
0.164451  20.5623
0.162199  20.4584
0.159977  20.8303
0.157787  21.0283
0.155626  20.521
0.153495  20.672
0.151393  20.6263
0.14932  20.2014
0.147275  19.9466
0.145258  21.0468
0.143269  20.2152
0.141307  20.4181
0.139372  20.5157
0.137463  20.5683
0.135581  21.2334
0.133724  20.7694
0.131893  20.5566
0.130087  20.1674
0.128306  20.4535
0.126549  20.0754
0.124816  20.153
0.123106  20.505
0.121421  20.6001
0.119758  20.1662
0.118118  19.8453
0.1165  19.5863
0.114905  19.7149
0.113332  19.6347
0.11178  19.9587
0.110249  18.8396
0.108739  19.4072
0.10725  19.7279
0.105781  18.7772
0.104333  18.9296
0.102904  19.3741
0.101495  19.3499
0.100105  19.2332
0.0987342  19.7702
0.0973822  19.6631
0.0960486  19.9849
0.0947333  20.2245
0.093436  19.1905
0.0921565  18.6854
0.0908945  18.8633
0.0896498  18.7398
0.0884222  18.5698
0.0872113  18.8571
0.086017  19.1138
0.0848391  19.0639
0.0836774  18.5065
0.0825315  18.392
0.0814013  18.3447
0.0802866  18.4918
0.0791871  18.6372
0.0781027  18.8197
0.0770332  19.0514
0.0759783  18.8277
0.0749379  18.7279
0.0739117  18.6375
0.0728995  18.6268
0.0719012  18.4593
0.0709166  18.556
0.0699455  18.0141
0.0689877  18.2098
0.0680429  18.3157
0.0671112  18.6797
0.0661921  18.9347
0.0652857  18.7628
0.0643917  18.6749
0.0635099  18.2797
0.0626402  18.2836
0.0617824  18.1999
0.0609364  18.8326
0.0601019  18.6914
0.0592789  18.638
0.0584671  18.8209
0.0576665  18.4259
0.0568768  17.9854
0.0560979  18.1241
0.0553297  18.0085
0.054572  18.1741
0.0538247  17.4449
0.0530876  17.8283
0.0523606  17.6048
0.0516436  17.555
0.0509364  17.5465
0.0502389  17.2992
0.0495509  17.3972
0.0488724  17.1386
0.0482031  17.393
0.047543  17.3947
0.046892  16.6919
0.0462498  16.7668
0.0456165  16.8425
0.0449918  16.8777
0.0443757  16.8858
0.043768  16.9587
0.0431687  16.6948
0.0425775  16.6478
0.0419944  16.7685
0.0414194  16.5552
0.0408522  16.405
0.0402927  16.3964
0.039741  16.5633
0.0391968  16.5078
0.03866  16.6057
0.0381306  16.5881
0.0376084  16.553
0.0370934  16.4461
0.0365855  16.3908
0.0360845  16.5101
0.0355903  16.355
0.035103  16.3504
0.0346223  16.2792
0.0341481  16.3317
0.0336805  16.3866
0.0332193  16.429
0.0327644  16.4666
0.0323157  16.4015
0.0318732  16.3008
0.0314367  16.2926
0.0310062  16.4239
0.0305816  16.3554
0.0301628  16.4924
0.0297498  16.6776
0.0293424  16.6431
0.0289406  16.6637
0.0285443  16.5241
0.0281534  16.3387
0.0277679  16.2942
0.0273876  16.1721
0.0270126  16.3267
0.0266426  16.1714
0.0262778  16.1836
0.025918  16.1753
0.025563  16.2464
0.025213  16.276
0.0248677  16.1108
0.0245272  16.0934
0.0241913  16.0743
0.02386  16.089
0.0235333  16.1182
0.023211  16.1254
0.0228932  16.2364
0.0225797  16.1637
0.0222705  15.9982
0.0219655  16.1535
0.0216647  16.1541
0.021368  16.0957
0.0210754  16.0425
0.0207868  16.085
0.0205021  16.0591
0.0202214  16.0226
0.0199445  16.0169
0.0196714  16.122
0.019402  16.1068
0.0191363  16.151
0.0188742  16.2937
0.0186158  16.0744
0.0183608  16.0524
0.0181094  16.2757
0.0178614  16.2268
0.0176168  16.1226
0.0173756  16.0695
0.0171376  16.0536
0.016903  16.1361
0.0166715  15.9996
0.0164432  15.9469
0.016218  15.8932
0.0159959  15.9569
0.0157769  15.8859
0.0155608  15.8565
0.0153477  15.6867
0.0151376  15.6881
0.0149303  15.7108
0.0147258  15.6797
0.0145242  15.7206
0.0143253  15.748
0.0141291  15.6555
0.0139356  15.6512
0.0137448  15.6456
0.0135566  15.6209
0.0133709  15.6716
0.0131878  15.6978
0.0130072  15.6737
0.0128291  15.6889
0.0126534  15.6376
0.0124801  15.6104
0.0123092  15.5957
0.0121407  15.5787
0.0119744  15.6194
0.0118104  15.5922
0.0116487  15.6437
0.0114892  15.6846
0.0113319  15.6481
0.0111767  15.6773
0.0110236  15.6644
0.0108727  15.6477
0.0107238  15.6491
0.0105769  15.671
0.0104321  15.6851
0.0102892  15.6823
0.0101483  15.6677
0.0100094  15.7184
0.0098723  15.7108
0.00973711  15.7532
0.00960377  15.7463
0.00947225  15.7196
0.00934254  15.7108
0.0092146  15.6275
0.00908842  15.6488
0.00896396  15.6525
0.00884121  15.6811
0.00872014  15.6651
0.00860073  15.62
0.00848295  15.6204
0.00836678  15.5747
0.00825221  15.5571
0.0081392  15.5496
0.00802774  15.5537
0.00791781  15.5696
0.00780939  15.5706
0.00770244  15.5807
0.00759697  15.6033
0.00749293  15.6187
0.00739033  15.6098
0.00728912  15.6208
0.00718931  15.561
0.00709086  15.596
0.00699375  15.5433
0.00689798  15.5342
0.00680352  15.5438
0.00671035  15.5503
0.00661846  15.5612
0.00652783  15.532
0.00643844  15.5563
0.00635027  15.5184
0.00626331  15.5108
0.00617754  15.5014
0.00609294  15.5009
0.00600951  15.5177
0.00592721  15.5101
0.00584605  15.5044
0.00576599  15.4959
0.00568703  15.4916
0.00560915  15.493
0.00553234  15.4904
0.00545658  15.4679
0.00538186  15.4827
0.00530816  15.48
0.00523547  15.4759
0.00516377  15.4788
0.00509306  15.4825
0.00502332  15.4914
0.00495453  15.497
0.00488668  15.4886
0.00481976  15.4845
0.00475376  15.4861
0.00468866  15.4759
0.00462446  15.46
0.00456113  15.4794
0.00449867  15.4631
0.00443706  15.4687
0.0043763  15.497
0.00431637  15.495
0.00425727  15.4967
0.00419897  15.4771
0.00414147  15.4729
0.00408475  15.475
0.00402882  15.4727
0.00397365  15.4776
0.00391923  15.4692
0.00386556  15.4489
0.00381263  15.4503
0.00376042  15.4474
0.00370892  15.457
0.00365813  15.4599
0.00360804  15.4563
0.00355863  15.4516
0.0035099  15.4552
0.00346183  15.465
0.00341443  15.4599
0.00336767  15.4576
0.00332155  15.455
0.00327607  15.4598
0.0032312  15.4582
0.00318696  15.4523
0.00314331  15.4523
0.00310027  15.4478
0.00305781  15.4469
0.00301594  15.4475
0.00297464  15.4437
0.00293391  15.4537
0.00289373  15.4543
0.0028541  15.4618
0.00281502  15.4629
0.00277647  15.4553
0.00273845  15.4522
0.00270095  15.4444
0.00266396  15.4349
0.00262748  15.4368
0.0025915  15.4487
0.00255601  15.4336
0.00252101  15.4482
0.00248649  15.4478
0.00245244  15.4743
0.00241885  15.4795
0.00238573  15.4696
0.00235306  15.4584
0.00232084  15.4613
0.00228906  15.4481
0.00225771  15.4515
0.00222679  15.4451
0.0021963  15.4473
0.00216622  15.4465
0.00213656  15.4608
0.0021073  15.4596
0.00207844  15.46
0.00204998  15.4657
0.00202191  15.4419
0.00199422  15.4363
0.00196691  15.4343
0.00193998  15.4323
0.00191341  15.4373
0.00188721  15.4372
0.00186137  15.4438
0.00183588  15.4388
0.00181074  15.4377
0.00178594  15.4356
0.00176148  15.4338
0.00173736  15.4313
0.00171357  15.4236
0.0016901  15.4219
0.00166696  15.4212
0.00164413  15.4195
0.00162162  15.4203
0.00159941  15.4202
0.00157751  15.4196
0.00155591  15.4196
0.0015346  15.4201
0.00151358  15.4224
0.00149286  15.4232
0.00147241  15.428
0.00145225  15.4244
0.00143236  15.4219
0.00141275  15.4249
0.0013934  15.4287
0.00137432  15.4316
0.0013555  15.4309
0.00133694  15.4283
0.00131863  15.431
0.00130057  15.4281
0.00128276  15.4303
0.0012652  15.4323
0.00124787  15.4304
0.00123078  15.4349
0.00121393  15.4362
0.00119731  15.4354
0.00118091  15.4327
0.00116474  15.4326
0.00114879  15.4318
0.00113306  15.4347
0.00111754  15.4335
0.00110224  15.4355
0.00108714  15.434
0.00107226  15.4355
0.00105757  15.4359
0.00104309  15.4345
0.00102881  15.4308
0.00101472  15.4283
0.00100082  15.4337
0.000987118  15.433
0.0009736  15.4319
0.000960267  15.4268
0.000947118  15.4214
0.000934148  15.4207
0.000921356  15.4213
0.000908739  15.4236
0.000896294  15.4243
0.00088402  15.4213
0.000871915  15.4189
0.000859975  15.4197
0.000848198  15.4199
0.000836583  15.4206
0.000825127  15.4201
0.000813828  15.419
0.000802683  15.4196
0.000791691  15.42
0.00078085  15.4196
0.000770157  15.4203
0.00075961  15.4223
0.000749208  15.4221
0.000738949  15.4233
0.000728829  15.4213
0.000718849  15.4229
0.000709005  15.4273
0.000699296  15.426
0.00068972  15.425
0.000680275  15.4248
0.000670959  15.4254
0.000661771  15.4248
0.000652709  15.4249
0.00064377  15.4248
0.000634955  15.4257
0.00062626  15.427
0.000617684  15.4262
0.000609225  15.4269
0.000600882  15.4227
0.000592654  15.422
0.000584538  15.4219
0.000576533  15.4217
0.000568638  15.4215
0.000560851  15.4193
0.000553171  15.4212
0.000545596  15.42
0.000538125  15.4202
0.000530756  15.4195
0.000523487  15.4193
0.000516319  15.4211
0.000509248  15.422
0.000502275  15.4214
0.000495397  15.4212
0.000488613  15.4199
0.000481922  15.4195
0.000475322  15.4197
0.000468813  15.4186
0.000462393  15.4193
0.000456061  15.4179
0.000449816  15.4184
0.000443656  15.4189
0.000437581  15.4194
0.000431588  15.4185
0.000425678  15.4164
0.000419849  15.4166
0.0004141  15.4155
0.000408429  15.4188
0.000402836  15.4194
0.000397319  15.4194
0.000391879  15.419
0.000386512  15.4189
0.000381219  15.4193
0.000375999  15.42
0.00037085  15.4194
0.000365772  15.4193
0.000360763  15.4192
0.000355822  15.4181
0.00035095  15.4183
0.000346144  15.4185
0.000341404  15.417
0.000336729  15.4173
0.000332117  15.4169
0.000327569  15.4178
0.000323084  15.4178
0.000318659  15.4193
0.000314296  15.421
0.000309992  15.4177
0.000305747  15.4176
0.00030156  15.417
0.00029743  15.4166
0.000293357  15.4164
0.00028934  15.4172
0.000285378  15.4175
0.00028147  15.4176
0.000277615  15.4169
0.000273814  15.4172
0.000270064  15.4167
0.000266366  15.4156
0.000262718  15.4162
0.000259121  15.4164
0.000255572  15.4162
0.000252072  15.4157
0.000248621  15.4157
0.000245216  15.4155
0.000241858  15.4156
0.000238546  15.4152
0.000235279  15.4152
0.000232057  15.4151
0.00022888  15.4152
0.000225745  15.4149
0.000222654  15.4155
0.000219605  15.4149
0.000216598  15.4152
0.000213632  15.4152
0.000210706  15.4151
0.000207821  15.4154
0.000204975  15.4152
0.000202168  15.4147
0.000199399  15.4155
0.000196669  15.4154
0.000193976  15.4154
0.000191319  15.4153
0.000188699  15.4153
0.000186115  15.4157
0.000183567  15.416
0.000181053  15.4147
0.000178574  15.4149
0.000176128  15.4152
0.000173716  15.4153
0.000171337  15.4152
0.000168991  15.4154
0.000166677  15.4154
0.000164395  15.4151
0.000162143  15.4153
0.000159923  15.4154
0.000157733  15.4153
0.000155573  15.4142
0.000153443  15.4147
0.000151341  15.4148
0.000149269  15.4147
0.000147225  15.4148
0.000145209  15.4144
0.00014322  15.4141
0.000141259  15.4147
0.000139325  15.4147
0.000137417  15.4145
0.000135535  15.4147
0.000133679  15.4143
0.000131848  15.4141
0.000130043  15.4139
0.000128262  15.4141
0.000126505  15.4139
0.000124773  15.4142
0.000123064  15.4142
0.000121379  15.4143
0.000119717  15.4145
0.000118078  15.4146
0.000116461  15.4146
0.000114866  15.4142
0.000113293  15.4143
0.000111742  15.4143
0.000110211  15.4138
0.000108702  15.414
0.000107214  15.414
0.000105745  15.4145
0.000104297  15.4144
0.000102869  15.4145
0.00010146  15.4143
0.000100071  15.4144
9.87006e-05  15.4143
9.7349e-05  15.4144
9.60159e-05  15.4145
9.4701e-05  15.414
9.34042e-05  15.4141
9.21251e-05  15.4143
9.08636e-05  15.4144
8.96193e-05  15.4143
8.8392e-05  15.4144
8.71816e-05  15.4146
8.59877e-05  15.4145
8.48102e-05  15.4145
8.36488e-05  15.4136
8.25033e-05  15.4132
8.13735e-05  15.413
8.02592e-05  15.413
7.91601e-05  15.4131
7.80761e-05  15.413
7.7007e-05  15.4129
7.59524e-05  15.4128
7.49123e-05  15.4129
7.38865e-05  15.4131
7.28747e-05  15.4135
7.18767e-05  15.4134
7.08924e-05  15.4135
6.99216e-05  15.4136
6.89641e-05  15.4132
6.80197e-05  15.4132
6.70883e-05  15.4132
6.61696e-05  15.4132
6.52634e-05  15.4132
6.43697e-05  15.4133
6.34883e-05  15.4129
6.26188e-05  15.4128
6.17613e-05  15.4129
6.09156e-05  15.4128
6.00814e-05  15.4128
5.92587e-05  15.4129
5.84472e-05  15.4127
5.76468e-05  15.4129
5.68574e-05  15.4129
5.60788e-05  15.413
5.53108e-05  15.413
5.45534e-05  15.4128
5.38064e-05  15.413
5.30695e-05  15.413
5.23428e-05  15.4128
5.1626e-05  15.4127
5.0919e-05  15.4127
5.02218e-05  15.4127
4.9534e-05  15.4126
4.88557e-05  15.4128
4.81867e-05  15.4127
4.75268e-05  15.4127
4.6876e-05  15.4128
4.62341e-05  15.4128
4.56009e-05  15.4128
4.49765e-05  15.4128
4.43606e-05  15.4128
4.37531e-05  15.4128
4.31539e-05  15.4129
4.2563e-05  15.4126
4.19801e-05  15.4126
4.14053e-05  15.4126
4.08383e-05  15.412
4.0279e-05  15.412
3.97274e-05  15.412
3.91834e-05  15.412
3.86468e-05  15.412
3.81176e-05  15.412
3.75956e-05  15.412
3.70808e-05  15.412
3.6573e-05  15.412
3.60722e-05  15.4122
3.55782e-05  15.4122
3.5091e-05  15.4122
3.46105e-05  15.4122
3.41365e-05  15.4122
3.3669e-05  15.412
3.3208e-05  15.412
3.27532e-05  15.412
3.23047e-05  15.4121
3.18623e-05  15.4121
3.1426e-05  15.4122
3.09956e-05  15.412
3.05712e-05  15.412
3.01526e-05  15.412
2.97396e-05  15.412
2.93324e-05  15.412
2.89307e-05  15.412
2.85345e-05  15.4119
2.81438e-05  15.412
2.77584e-05  15.412
2.73783e-05  15.412
2.70033e-05  15.4121
2.66336e-05  15.412
2.62688e-05  15.412
2.59091e-05  15.412
2.55543e-05  15.412
2.52044e-05  15.412
2.48592e-05  15.412
2.45188e-05  15.412
2.4183e-05  15.412
2.38519e-05  15.412
2.35253e-05  15.412
2.32031e-05  15.412
2.28854e-05  15.4121
2.2572e-05  15.4121
2.22629e-05  15.4121
2.1958e-05  15.4121
2.16573e-05  15.4121
2.13607e-05  15.412
2.10682e-05  15.4121
2.07797e-05  15.4121
2.04952e-05  15.412
2.02145e-05  15.412
1.99377e-05  15.412
1.96646e-05  15.412
1.93954e-05  15.4119
1.91298e-05  15.4119
1.88678e-05  15.4119
1.86094e-05  15.4119
1.83546e-05  15.4119
1.81032e-05  15.4119
1.78553e-05  15.4119
1.76108e-05  15.4118
1.73697e-05  15.4119
1.71318e-05  15.4118
1.68972e-05  15.4118
1.66658e-05  15.4118
1.64376e-05  15.4119
1.62125e-05  15.4119
1.59905e-05  15.4118
1.57715e-05  15.4118
1.55555e-05  15.4118
1.53425e-05  15.4118
1.51324e-05  15.4118
1.49252e-05  15.4118
1.47208e-05  15.4118
1.45192e-05  15.4118
1.43204e-05  15.4118
1.41243e-05  15.4118
1.39309e-05  15.4118
1.37401e-05  15.4118
1.35519e-05  15.4118
1.33664e-05  15.4119
1.31833e-05  15.4118
1.30028e-05  15.4118
1.28247e-05  15.4118
1.26491e-05  15.4118
1.24759e-05  15.4118
1.2305e-05  15.4118
1.21365e-05  15.4118
1.19703e-05  15.4119
1.18064e-05  15.4119
1.16447e-05  15.4118
1.14853e-05  15.4118
1.1328e-05  15.4118
1.11729e-05  15.4118
1.10199e-05  15.4118
1.0869e-05  15.4118
1.07201e-05  15.4118
1.05733e-05  15.4118
1.04285e-05  15.4118
1.02857e-05  15.4118
1.01449e-05  15.4118
1.0006e-05  15.4118
9.86894e-06  15.4118
9.73379e-06  15.4118
9.6005e-06  15.4118
9.46903e-06  15.4118
9.33936e-06  15.4118
9.21146e-06  15.4118
9.08532e-06  15.4118
8.96091e-06  15.4118
8.8382e-06  15.4118
8.71717e-06  15.4118
8.59779e-06  15.4118
8.48006e-06  15.4118
8.36393e-06  15.4118
8.2494e-06  15.4118
8.13643e-06  15.4118
8.02501e-06  15.4118
7.91511e-06  15.4118
7.80672e-06  15.4118
7.69982e-06  15.4118
7.59438e-06  15.4118
7.49038e-06  15.4118
7.38781e-06  15.4118
7.28664e-06  15.4118
7.18686e-06  15.4118
7.08844e-06  15.4118
6.99137e-06  15.4118
6.89563e-06  15.4118
6.8012e-06  15.4118
6.70807e-06  15.4118
6.61621e-06  15.4118
6.5256e-06  15.4118
6.43624e-06  15.4118
6.3481e-06  15.4118
6.26117e-06  15.4118
6.17543e-06  15.4118
6.09087e-06  15.4118
6.00746e-06  15.4118
5.92519e-06  15.4118
5.84405e-06  15.4118
5.76402e-06  15.4118
5.68509e-06  15.4118
5.60724e-06  15.4118
5.53046e-06  15.4118
5.45472e-06  15.4118
5.38002e-06  15.4118
5.30635e-06  15.4118
5.23369e-06  15.4118
5.16202e-06  15.4118
5.09133e-06  15.4118
5.02161e-06  15.4118
4.95284e-06  15.4118
4.88502e-06  15.4118
4.81812e-06  15.4118
4.75214e-06  15.4118
4.68707e-06  15.4118
4.62288e-06  15.4118
4.55958e-06  15.4118
4.49714e-06  15.4118
4.43555e-06  15.4118
4.37481e-06  15.4118
4.3149e-06  15.4118
4.25582e-06  15.4118
4.19754e-06  15.4118
4.14006e-06  15.4118
4.08336e-06  15.4118
4.02744e-06  15.4118
3.97229e-06  15.4118
3.9179e-06  15.4118
3.86425e-06  15.4117
3.81133e-06  15.4117
3.75914e-06  15.4117
3.70766e-06  15.4117
3.65689e-06  15.4117
3.60681e-06  15.4118
3.55742e-06  15.4117
3.5087e-06  15.4117
3.46065e-06  15.4117
3.41326e-06  15.4117
3.36652e-06  15.4117
3.32042e-06  15.4117
3.27495e-06  15.4118
3.2301e-06  15.4117
3.18587e-06  15.4117
3.14224e-06  15.4117
3.09921e-06  15.4117
3.05677e-06  15.4117
3.01491e-06  15.4117
2.97363e-06  15.4117
2.93291e-06  15.4117
2.89274e-06  15.4117
2.85313e-06  15.4117
2.81406e-06  15.4117
2.77552e-06  15.4117
2.73752e-06  15.4117
2.70003e-06  15.4117
2.66305e-06  15.4117
2.62659e-06  15.4117
2.59062e-06  15.4117
2.55514e-06  15.4117
2.52015e-06  15.4117
2.48564e-06  15.4117
2.4516e-06  15.4117
2.41803e-06  15.4117
2.38492e-06  15.4117
2.35226e-06  15.4117
2.32005e-06  15.4117
2.28828e-06  15.4117
2.25694e-06  15.4117
2.22603e-06  15.4117
2.19555e-06  15.4117
2.16548e-06  15.4117
2.13583e-06  15.4117
2.10658e-06  15.4117
2.07773e-06  15.4117
2.04928e-06  15.4117
2.02122e-06  15.4117
1.99354e-06  15.4117
1.96624e-06  15.4117
1.93932e-06  15.4117
1.91276e-06  15.4117
1.88657e-06  15.4117
1.86073e-06  15.4117
1.83525e-06  15.4117
1.81012e-06  15.4117
1.78533e-06  15.4117
1.76088e-06  15.4117
1.73677e-06  15.4117
1.71299e-06  15.4117
1.68953e-06  15.4117
1.66639e-06  15.4117
1.64357e-06  15.4117
1.62106e-06  15.4117
1.59887e-06  15.4117
1.57697e-06  15.4117
1.55538e-06  15.4117
1.53408e-06  15.4117
1.51307e-06  15.4117
1.49235e-06  15.4117
1.47191e-06  15.4117
1.45176e-06  15.4117
1.43188e-06  15.4117
1.41227e-06  15.4117
1.39293e-06  15.4117
1.37385e-06  15.4117
1.35504e-06  15.4117
1.33648e-06  15.4117
1.31818e-06  15.4117
1.30013e-06  15.4117
1.28233e-06  15.4117
1.26477e-06  15.4117
1.24745e-06  15.4117
1.23036e-06  15.4117
1.21352e-06  15.4117
1.1969e-06  15.4117
1.18051e-06  15.4117
1.16434e-06  15.4117
1.1484e-06  15.4117
1.13267e-06  15.4117
1.11716e-06  15.4117
1.10186e-06  15.4117
1.08677e-06  15.4117
1.07189e-06  15.4117
1.05721e-06  15.4117
1.04274e-06  15.4117
1.02846e-06  15.4117
1.01437e-06  15.4117
1.00048e-06  15.4117
9.86781e-07  15.4117
9.73268e-07  15.4117
9.5994e-07  15.4117
9.46795e-07  15.4117
9.33829e-07  15.4117
9.21042e-07  15.4117
9.08429e-07  15.4117
8.95989e-07  15.4117
8.83719e-07  15.4117
8.71618e-07  15.4117
8.59682e-07  15.4117
8.47909e-07  15.4117
8.36298e-07  15.4117
8.24846e-07  15.4117
8.1355e-07  15.4117
8.0241e-07  15.4117
7.91421e-07  15.4117
7.80584e-07  15.4117
7.69894e-07  15.4117
7.59351e-07  15.4117
7.48953e-07  15.4117
7.38697e-07  15.4117
7.28581e-07  15.4117
7.18604e-07  15.4117
7.08763e-07  15.4117
6.99058e-07  15.4117
6.89485e-07  15.4117
6.80043e-07  15.4117
6.7073e-07  15.4117
6.61545e-07  15.4117
6.52486e-07  15.4117
6.43551e-07  15.4117
6.34738e-07  15.4117
6.26046e-07  15.4117
6.17473e-07  15.4117
6.09017e-07  15.4117
6.00678e-07  15.4117
5.92452e-07  15.4117
5.84339e-07  15.4117
5.76337e-07  15.4117
5.68445e-07  15.4117
5.6066e-07  15.4117
5.52983e-07  15.4117
5.4541e-07  15.4117
5.37941e-07  15.4117
5.30575e-07  15.4117
5.23309e-07  15.4117
5.16143e-07  15.4117
5.09075e-07  15.4117
5.02103e-07  15.4117
4.95228e-07  15.4117
4.88446e-07  15.4117
4.81757e-07  15.4117
4.7516e-07  15.4117
4.68653e-07  15.4117
4.62236e-07  15.4117
4.55906e-07  15.4117
4.49663e-07  15.4117
4.43505e-07  15.4117
4.37431e-07  15.4117
4.31441e-07  15.4117
4.25533e-07  15.4117
4.19706e-07  15.4117
4.13958e-07  15.4117
4.0829e-07  15.4117
4.02699e-07  15.4117
3.97184e-07  15.4117
3.91745e-07  15.4117
3.8638e-07  15.4117
3.81089e-07  15.4117
3.75871e-07  15.4117
3.70724e-07  15.4117
3.65647e-07  15.4117
3.6064e-07  15.4117
3.55701e-07  15.4117
3.5083e-07  15.4117
3.46026e-07  15.4117
3.41287e-07  15.4117
3.36614e-07  15.4117
3.32004e-07  15.4117
3.27458e-07  15.4117
3.22974e-07  15.4117
3.18551e-07  15.4117
3.14189e-07  15.4117
3.09886e-07  15.4117
3.05643e-07  15.4117
3.01457e-07  15.4117
2.97329e-07  15.4117
2.93257e-07  15.4117
2.89241e-07  15.4117
2.85281e-07  15.4117
2.81374e-07  15.4117
2.77521e-07  15.4117
2.7372e-07  15.4117
2.69972e-07  15.4117
2.66275e-07  15.4117
2.62629e-07  15.4117
2.59032e-07  15.4117
2.55485e-07  15.4117
2.51987e-07  15.4117
2.48536e-07  15.4117
2.45132e-07  15.4117
2.41776e-07  15.4117
2.38465e-07  15.4117
2.35199e-07  15.4117
2.31978e-07  15.4117
2.28802e-07  15.4117
2.25668e-07  15.4117
2.22578e-07  15.4117
2.1953e-07  15.4117
2.16524e-07  15.4117
2.13559e-07  15.4117
2.10634e-07  15.4117
2.0775e-07  15.4117
2.04905e-07  15.4117
2.02099e-07  15.4117
1.99331e-07  15.4117
1.96602e-07  15.4117
1.9391e-07  15.4117
1.91254e-07  15.4117
1.88635e-07  15.4117
1.86052e-07  15.4117
1.83504e-07  15.4117
1.80991e-07  15.4117
1.78513e-07  15.4117
1.76068e-07  15.4117
1.73657e-07  15.4117
1.71279e-07  15.4117
1.68934e-07  15.4117
1.6662e-07  15.4117
1.64339e-07  15.4117
1.62088e-07  15.4117
1.59868e-07  15.4117
1.57679e-07  15.4117
1.5552e-07  15.4117
1.5339e-07  15.4117
1.5129e-07  15.4117
1.49218e-07  15.4117
1.47175e-07  15.4117
1.45159e-07  15.4117
1.43171e-07  15.4117
1.41211e-07  15.4117
1.39277e-07  15.4117
1.3737e-07  15.4117
1.35489e-07  15.4117
1.33633e-07  15.4117
1.31803e-07  15.4117
1.29998e-07  15.4117
1.28218e-07  15.4117
1.26462e-07  15.4117
1.24731e-07  15.4117
1.23023e-07  15.4117
1.21338e-07  15.4117
1.19676e-07  15.4117
1.18037e-07  15.4117
1.16421e-07  15.4117
1.14827e-07  15.4117
1.13254e-07  15.4117
1.11703e-07  15.4117
1.10174e-07  15.4117
1.08665e-07  15.4117
1.07177e-07  15.4117
1.05709e-07  15.4117
1.04262e-07  15.4117
1.02834e-07  15.4117
1.01426e-07  15.4117
1.00037e-07  15.4117
9.86669e-08  15.4117
9.73158e-08  15.4117
9.59831e-08  15.4117
9.46687e-08  15.4117
9.33723e-08  15.4117
9.20937e-08  15.4117
9.08326e-08  15.4117
8.95887e-08  15.4117
8.83619e-08  15.4117
8.71519e-08  15.4117
8.59584e-08  15.4117
8.47813e-08  15.4117
8.36203e-08  15.4117
8.24752e-08  15.4117
8.13458e-08  15.4117
8.02318e-08  15.4117
7.91332e-08  15.4117
7.80495e-08  15.4117
7.69807e-08  15.4117
7.59265e-08  15.4117
7.48868e-08  15.4117
7.38613e-08  15.4117
7.28498e-08  15.4117
7.18522e-08  15.4117
7.08683e-08  15.4117
6.98978e-08  15.4117
6.89406e-08  15.4117
6.79966e-08  15.4117
6.70654e-08  15.4117
6.6147e-08  15.4117
6.52412e-08  15.4117
6.43478e-08  15.4117
6.34666e-08  15.4117
6.25975e-08  15.4117
6.17403e-08  15.4117
6.08948e-08  15.4117
6.00609e-08  15.4117
5.92385e-08  15.4117
5.84272e-08  15.4117
5.76271e-08  15.4117
5.6838e-08  15.4117
5.60597e-08  15.4117
5.5292e-08  15.4117
5.45348e-08  15.4117
5.3788e-08  15.4117
5.30514e-08  15.4117
5.23249e-08  15.4117
5.16084e-08  15.4117
5.09017e-08  15.4117
5.02046e-08  15.4117
4.95171e-08  15.4117
4.88391e-08  15.4117
4.81703e-08  15.4117
4.75106e-08  15.4117
4.686e-08  15.4117
4.62183e-08  15.4117
4.55854e-08  15.4117
4.49611e-08  15.4117
4.43454e-08  15.4117
4.37382e-08  15.4117
4.31392e-08  15.4117
4.25485e-08  15.4117
4.19658e-08  15.4117
4.13911e-08  15.4117
4.08243e-08  15.4117
4.02653e-08  15.4117
3.97139e-08  15.4117
3.917e-08  15.4117
3.86337e-08  15.4117
3.81046e-08  15.4117
3.75828e-08  15.4117
3.70681e-08  15.4117
3.65605e-08  15.4117
3.60599e-08  15.4117
3.55661e-08  15.4117
3.5079e-08  15.4117
3.45987e-08  15.4117
3.41249e-08  15.4117
3.36576e-08  15.4117
3.31966e-08  15.4117
3.27421e-08  15.4117
3.22937e-08  15.4117
3.18515e-08  15.4117
3.14153e-08  15.4117
3.09851e-08  15.4117
3.05608e-08  15.4117
3.01423e-08  15.4117
2.97295e-08  15.4117
2.93224e-08  15.4117
2.89208e-08  15.4117
2.85248e-08  15.4117
2.81342e-08  15.4117
2.77489e-08  15.4117
2.73689e-08  15.4117
2.69941e-08  15.4117
2.66245e-08  15.4117
2.62599e-08  15.4117
2.59003e-08  15.4117
2.55456e-08  15.4117
2.51958e-08  15.4117
2.48507e-08  15.4117
2.45104e-08  15.4117
2.41748e-08  15.4117
2.38437e-08  15.4117
2.35172e-08  15.4117
2.31952e-08  15.4117
2.28776e-08  15.4117
2.25643e-08  15.4117
2.22553e-08  15.4117
2.19505e-08  15.4117
2.16499e-08  15.4117
2.13534e-08  15.4117
2.1061e-08  15.4117
2.07726e-08  15.4117
2.04882e-08  15.4117
2.02076e-08  15.4117
1.99309e-08  15.4117
1.96579e-08  15.4117
1.93887e-08  15.4117
1.91232e-08  15.4117
1.88614e-08  15.4117
1.86031e-08  15.4117
1.83483e-08  15.4117
1.80971e-08  15.4117
1.78492e-08  15.4117
1.76048e-08  15.4117
1.73637e-08  15.4117
1.7126e-08  15.4117
1.68914e-08  15.4117
1.66601e-08  15.4117
1.6432e-08  15.4117
1.6207e-08  15.4117
1.5985e-08  15.4117
1.57661e-08  15.4117
1.55502e-08  15.4117
1.53373e-08  15.4117
1.51272e-08  15.4117
1.49201e-08  15.4117
1.47158e-08  15.4117
1.45143e-08  15.4117
1.43155e-08  15.4117
1.41195e-08  15.4117
1.39261e-08  15.4117
1.37354e-08  15.4117
1.35473e-08  15.4117
1.33618e-08  15.4117
1.31788e-08  15.4117
1.29984e-08  15.4117
1.28204e-08  15.4117
1.26448e-08  15.4117
1.24716e-08  15.4117
1.23008e-08  15.4117
1.21324e-08  15.4117
1.19663e-08  15.4117
1.18024e-08  15.4117
1.16408e-08  15.4117
1.14814e-08  15.4117
1.13241e-08  15.4117
1.11691e-08  15.4117
1.10161e-08  15.4117
1.08653e-08  15.4117
1.07165e-08  15.4117
1.05697e-08  15.4117
1.0425e-08  15.4117
1.02822e-08  15.4117
1.01414e-08  15.4117
1.00025e-08  15.4117
9.86557e-09  15.4117
9.73047e-09  15.4117
9.59722e-09  15.4117
9.46579e-09  15.4117
9.33617e-09  15.4117
9.20832e-09  15.4117
9.08222e-09  15.4117
8.95785e-09  15.4117
8.83518e-09  15.4117
8.71419e-09  15.4117
8.59486e-09  15.4117
8.47716e-09  15.4117
8.36108e-09  15.4117
8.24658e-09  15.4117
8.13365e-09  15.4117
8.02227e-09  15.4117
7.91241e-09  15.4117
7.80406e-09  15.4117
7.69719e-09  15.4117
7.59179e-09  15.4117
7.48782e-09  15.4117
7.38529e-09  15.4117
7.28415e-09  15.4117
7.1844e-09  15.4117
7.08602e-09  15.4117
6.98898e-09  15.4117
6.89328e-09  15.4117
6.79888e-09  15.4117
6.70578e-09  15.4117
6.61395e-09  15.4117
6.52338e-09  15.4117
6.43405e-09  15.4117
6.34594e-09  15.4117
6.25904e-09  15.4117
6.17333e-09  15.4117
6.08879e-09  15.4117
6.00541e-09  15.4117
5.92317e-09  15.4117
5.84206e-09  15.4117
5.76206e-09  15.4117
5.68315e-09  15.4117
5.60533e-09  15.4117
5.52857e-09  15.4117
5.45286e-09  15.4117
5.37819e-09  15.4117
5.30454e-09  15.4117
5.2319e-09  15.4117
5.16025e-09  15.4117
5.08959e-09  15.4117
5.01989e-09  15.4117
4.95115e-09  15.4117
4.88335e-09  15.4117
4.81648e-09  15.4117
4.75052e-09  15.4117
4.68547e-09  15.4117
4.6213e-09  15.4117
4.55802e-09  15.4117
4.4956e-09  15.4117
4.43404e-09  15.4117
4.37332e-09  15.4117
4.31343e-09  15.4117
4.25436e-09  15.4117
4.1961e-09  15.4117
4.13864e-09  15.4117
4.08197e-09  15.4117
4.02607e-09  15.4117
3.97094e-09  15.4117
3.91656e-09  15.4117
3.86293e-09  15.4117
3.81003e-09  15.4117
3.75785e-09  15.4117
3.70639e-09  15.4117
3.65564e-09  15.4117
3.60558e-09  15.4117
3.5562e-09  15.4117
3.5075e-09  15.4117
3.45947e-09  15.4117
3.4121e-09  15.4117
3.36537e-09  15.4117
3.31929e-09  15.4117
3.27383e-09  15.4117
3.229e-09  15.4117
3.18478e-09  15.4117
3.14117e-09  15.4117
3.09816e-09  15.4117
3.05573e-09  15.4117
3.01388e-09  15.4117
2.97261e-09  15.4117
2.93191e-09  15.4117
2.89176e-09  15.4117
2.85216e-09  15.4117
2.8131e-09  15.4117
2.77458e-09  15.4117
2.73658e-09  15.4117
2.69911e-09  15.4117
2.66215e-09  15.4117
2.62569e-09  15.4117
2.58973e-09  15.4117
2.55427e-09  15.4117
2.51929e-09  15.4117
2.48479e-09  15.4117
2.45077e-09  15.4117
2.41721e-09  15.4117
2.3841e-09  15.4117
2.35146e-09  15.4117
2.31926e-09  15.4117
2.2875e-09  15.4117
2.25617e-09  15.4117
2.22527e-09  15.4117
2.1948e-09  15.4117
2.16475e-09  15.4117
2.1351e-09  15.4117
2.10586e-09  15.4117
2.07703e-09  15.4117
2.04858e-09  15.4117
2.02053e-09  15.4117
1.99286e-09  15.4117
1.96557e-09  15.4117
1.93865e-09  15.4117
1.91211e-09  15.4117
1.88592e-09  15.4117
1.8601e-09  15.4117
1.83462e-09  15.4117
1.8095e-09  15.4117
1.78472e-09  15.4117
1.76028e-09  15.4117
1.73618e-09  15.4117
1.7124e-09  15.4117
1.68895e-09  15.4117
1.66582e-09  15.4117
1.64301e-09  15.4117
1.62051e-09  15.4117
1.59832e-09  15.4117
1.57643e-09  15.4117
1.55485e-09  15.4117
1.53355e-09  15.4117
1.51255e-09  15.4117
1.49184e-09  15.4117
1.47141e-09  15.4117
1.45126e-09  15.4117
1.43139e-09  15.4117
1.41179e-09  15.4117
1.39245e-09  15.4117
1.37339e-09  15.4117
1.35458e-09  15.4117
1.33603e-09  15.4117
1.31773e-09  15.4117
1.29969e-09  15.4117
1.28189e-09  15.4117
1.26434e-09  15.4117
1.24702e-09  15.4117
1.22995e-09  15.4117
1.2131e-09  15.4117
1.19649e-09  15.4117
1.18011e-09  15.4117
1.16395e-09  15.4117
1.14801e-09  15.4117
1.13229e-09  15.4117
1.11678e-09  15.4117
1.10149e-09  15.4117
1.0864e-09  15.4117
1.07153e-09  15.4117
1.05685e-09  15.4117
1.04238e-09  15.4117
1.02811e-09  15.4117
1.01403e-09  15.4117
1.00014e-09  15.4117
9.86445e-10  15.4117
9.72936e-10  15.4117
9.59613e-10  15.4117
9.46472e-10  15.4117
9.33511e-10  15.4117
9.20728e-10  15.4117
9.08119e-10  15.4117
8.95683e-10  15.4117
8.83418e-10  15.4117
8.7132e-10  15.4117
8.59389e-10  15.4117
8.4762e-10  15.4117
8.36013e-10  15.4117
8.24564e-10  15.4117
8.13273e-10  15.4117
8.02136e-10  15.4117
7.91151e-10  15.4117
7.80317e-10  15.4117
7.69632e-10  15.4117
7.59092e-10  15.4117
7.48697e-10  15.4117
7.38445e-10  15.4117
7.28333e-10  15.4117
7.18359e-10  15.4117
7.08522e-10  15.4117
6.98819e-10  15.4117
6.89249e-10  15.4117
6.79811e-10  15.4117
6.70502e-10  15.4117
6.6132e-10  15.4117
6.52264e-10  15.4117
6.43332e-10  15.4117
6.34522e-10  15.4117
6.25833e-10  15.4117
6.17263e-10  15.4117
6.0881e-10  15.4117
6.00473e-10  15.4117
5.9225e-10  15.4117
5.8414e-10  15.4117
5.7614e-10  15.4117
5.68251e-10  15.4117
5.60469e-10  15.4117
5.52794e-10  15.4117
5.45224e-10  15.4117
5.37758e-10  15.4117
5.30394e-10  15.4117
5.23131e-10  15.4117
5.15967e-10  15.4117
5.08901e-10  15.4117
5.01932e-10  15.4117
4.95059e-10  15.4117
4.88279e-10  15.4117
4.81593e-10  15.4117
4.74998e-10  15.4117
4.68493e-10  15.4117
4.62078e-10  15.4117
4.5575e-10  15.4117
4.49509e-10  15.4117
4.43354e-10  15.4117
4.37282e-10  15.4117
4.31294e-10  15.4117
4.25388e-10  15.4117
4.19563e-10  15.4117
4.13817e-10  15.4117
4.0815e-10  15.4117
4.02561e-10  15.4117
3.97049e-10  15.4117
3.91611e-10  15.4117
3.86249e-10  15.4117
3.80959e-10  15.4117
3.75743e-10  15.4117
3.70597e-10  15.4117
3.65522e-10  15.4117
3.60517e-10  15.4117
3.5558e-10  15.4117
3.50711e-10  15.4117
3.45908e-10  15.4117
3.41171e-10  15.4117
3.36499e-10  15.4117
3.31891e-10  15.4117
3.27346e-10  15.4117
3.22863e-10  15.4117
3.18442e-10  15.4117
3.14081e-10  15.4117
3.0978e-10  15.4117
3.05538e-10  15.4117
3.01354e-10  15.4117
2.97227e-10  15.4117
2.93157e-10  15.4117
2.89143e-10  15.4117
2.85183e-10  15.4117
2.81278e-10  15.4117
2.77426e-10  15.4117
2.73627e-10  15.4117
2.6988e-10  15.4117
2.66184e-10  15.4117
2.62539e-10  15.4117
2.58944e-10  15.4117
2.55398e-10  15.4117
2.51901e-10  15.4117
2.48451e-10  15.4117
2.45049e-10  15.4117
2.41693e-10  15.4117
2.38383e-10  15.4117
2.35119e-10  15.4117
2.31899e-10  15.4117
2.28724e-10  15.4117
2.25591e-10  15.4117
2.22502e-10  15.4117
2.19455e-10  15.4117
2.1645e-10  15.4117
2.13486e-10  15.4117
2.10562e-10  15.4117
2.07679e-10  15.4117
2.04835e-10  15.4117
2.0203e-10  15.4117
1.99263e-10  15.4117
1.96535e-10  15.4117
1.93843e-10  15.4117
1.91189e-10  15.4117
1.88571e-10  15.4117
1.85989e-10  15.4117
1.83442e-10  15.4117
1.8093e-10  15.4117
1.78452e-10  15.4117
1.76008e-10  15.4117
1.73598e-10  15.4117
1.71221e-10  15.4117
1.68876e-10  15.4117
1.66563e-10  15.4117
1.64283e-10  15.4117
1.62033e-10  15.4117
1.59814e-10  15.4117
1.57625e-10  15.4117
1.55467e-10  15.4117
1.53338e-10  15.4117
1.51238e-10  15.4117
1.49167e-10  15.4117
1.47124e-10  15.4117
1.4511e-10  15.4117
1.43123e-10  15.4117
1.41163e-10  15.4117
1.3923e-10  15.4117
1.37323e-10  15.4117
1.35442e-10  15.4117
1.33588e-10  15.4117
1.31758e-10  15.4117
1.29954e-10  15.4117
1.28174e-10  15.4117
1.26419e-10  15.4117
1.24688e-10  15.4117
1.22981e-10  15.4117
1.21297e-10  15.4117
1.19635e-10  15.4117
1.17997e-10  15.4117
1.16381e-10  15.4117
1.14788e-10  15.4117
1.13216e-10  15.4117
1.11665e-10  15.4117
1.10136e-10  15.4117
1.08628e-10  15.4117
1.0714e-10  15.4117
1.05673e-10  15.4117
1.04226e-10  15.4117
1.02799e-10  15.4117
1.01391e-10  15.4117
1.00003e-10  15.4117
